&parallelization
n_procs_s = 1
n_procs_v = 1
n_procs_w = 8
n_procs_x = 1
n_procs_y = 1
n_procs_z = 1
n_procs_sim = 8
/

&box
n_spec = 1
nx0 = 64
nky0 = 1
nz0 = 16
nv0 = 32
nw0 = 8
kymin = 0.3
lx = 60
lv = 5.24909113926
lw = 9.56202239253
x0 = 0.5
n0_global = 5
/

&in_out
diagdir = '/home/cluster/pr63so/di56xiq/gene11dev/prob03'
read_checkpoint = .F.
istep_nrg = 10
istep_field = 100
istep_mom = 100
istep_energy = 0
istep_prof = 100
istep_vsp = 500
istep_schpt = 5000
/

&general
nonlinear = .F.
x_local = .F.
comp_type = 'IV'
calc_dt = .T.
ntimesteps = 500000
timelim = 3600
n_ev = 1
underflow_limit = 1e-15
beta = 0.0
hyp_z = 2.0
hyp_v = 0.2
init_cond = 'db'
/

&nonlocal_x
rad_bc_type = 1
l_buffer_size = 0.1
lcoef_krook = 1.0
lpow_krook = 4
u_buffer_size = 0.1
ucoef_krook = 1.0
upow_krook = 4
/

&external_contr
/

&geometry
magn_geometry = 'circular'
q_coeffs = 0.868, 0., 2.2
minor_r = 0.35
major_r = 1
rhostar = 0.0125
mag_prof = .T.
/

&species
name = 'electrons'
prof_type = 3
kappa_t = 6.959
lt_center = 0.5000
lt_width = 0.2500E-01
delta_x_t = 0.3000
kappa_n = 2.232
ln_center = 0.5000
ln_width = 0.2500E-01
delta_x_n = 0.3000
mass = 0.5446E-02
temp = 1.000
dens = 1.000
charge = -1
/

&units
tref = 3
nref = 5
bref = 2.5
lref = 1.65
mref = 1.0
/

&adaptivity
n_vx_blks = 6
prob_vx = 0.99
n_wx_blks = 6
prob_wx = 0.99
opt_mthd_vx = 'integral'
opt_mthd_wx = 'integral'
blk_mks_r_v = 0.125, 0.315133840946, 0.43015167209, 0.545129413708, 0.660147595983, 0.774945252818, 0.875
blk_mks_v = 5.24909113926, 4.56253431821, 3.96619886761, 3.44796914449, 2.99730513529, 2.61126348674, 2.52801729861
blk_mks_r_w = 0.125, 0.315133840946, 0.43015167209, 0.545129413708, 0.660147595983, 0.774945252818, 0.875
blk_mks_w = 9.56202239253, 7.22426748584, 5.45921881517, 4.12580094471, 3.1177654862, 2.36637147546, 2.21789821978
/